n =  10000
head :  0.002521991729736328
tail :  0.45435547828674316
