Fibonacci iterative:
n: 300
Fib.: 222232244629420445529739893461909967206666939096499764990979600
time: 1.3589859008789062e-05(sec)

---
Fibonacci tail call:
n: 300
Fib.: 222232244629420445529739893461909967206666939096499764990979600
time: 3.552436828613281e-05(sec)
